H = 	0.75	 Volume = 	0	 Pressure = 	-1.13782
H = 	0.75	 Volume = 	0	 Pressure = 	-1.13782
H = 	0.75	 Volume = 	0	 Pressure = 	-1.13782
